bb
13 3
gl
0 90.328 51.571 10.676 29.586 14.238 0 66.968 0 -4.835 5.023 0
stb
50.14808 38.42624 50.14808 38.42624 38.42624 18.47286 38.42624 18.47286 50.14808 38.42624 50.14808 38.42624 38.42624 18.47286 38.42624 18.47286
48.38041 37.12229 48.38041 37.12229 38.3232 17.63031 38.3232 17.63031 48.38041 37.12229 48.38041 37.12229 38.3232 17.63031 38.3232 17.63031
48.38041 38.3232 48.38041 38.3232 37.12229 17.63031 37.12229 17.63031 48.38041 38.3232 48.38041 38.3232 37.12229 17.63031 37.12229 17.63031
56.75292 44.76141 56.75292 44.76141 44.76141 24.55832 44.76141 24.55832 56.75292 44.76141 56.75292 44.76141 44.76141 24.55832 44.76141 24.55832
st
33.900025 23.900025 33.900025 23.900025
23.900025 3.900025 23.900025 3.900025
33.900025 23.900025 33.900025 23.900025
23.900025 3.900025 23.900025 3.900025
wc
41.201943		9.859043	0		37.758543	38.932943		39.223543
41.266843		37.057343	0		0		39.395743		45.490583
68.789543		33.032543	18.210863	32.723643	39.708743		67.765943
42.761143		40.317043	0		0		42.402743		42.989243
41.266843		37.057343	0		39.269743	36.777043		0
43.328843		36.598343	0		3.128243	34.445443		0
38.963343		37.554543	0		12.313543	17.932743		10.884443
41.984243		13.734543	0		0		38.925943		0
68.789543		33.032543	18.210863	0		35.927043		0
38.963343		37.554543	0		8.358143	35.670843		0
66.261743		0		0		38.364143	35.200543		10.964643
41.663543		63.920743	0		0		33.330843		0
42.761143		40.317043	0		38.909843	32.380143		33.853443
41.984243		13.734543	0		0		35.545643		33.289443
41.663543		63.920743	0		30.478743	31.954443		0
40.150243		36.793443	0		6.882443	34.481343		34.432343
wP
11.841243	39.255543	36.496743	0		0.1		9.626643
12.495743	35.451543	10.470143	25.878843	35.006143	7.125543
36.491443	0		10.353843	33.187543	64.549743	13.033643
11.943543	35.427943	7.232643	0		39.486443	12.757243
12.495743	35.451543	10.470143	33.696043	7.814843	0
0		39.297843	0		5.624743	53.378843	0
37.584443	30.927043	0		0.1		3.450543	11.660543
0		33.150143	7.218143	0		34.444343	0
36.491443	0		10.353843	31.191843	0		0
37.584443	30.927043	0		0		36.555643	0
94.313143	30.911843	0		36.565243	0		11.300043
35.513443	38.822143	10.559743	0		31.222443	0
11.943543	35.427943	7.232643	0		32.943043	6.958043
0		33.150143	7.218143	25.878843	53.378843	12.940443
35.513443	38.822143	10.559743	35.431943	59.773343	11.818543
0		58.100643	0		15.521243	35.763343	13.807543
bp
0 0 0
0 0 0
0 0 0
0 0 0
0 0 0
0 0 0
